epoch: 0	train ppl: 702.3410996187488	val ppl: 348.7288961177585	best val: 348.7288961177585	time (s) spent in epoch: 127.25588941574097
epoch: 1	train ppl: 350.6272166949353	val ppl: 290.33024362782805	best val: 290.33024362782805	time (s) spent in epoch: 127.33272218704224
